4 0.982304347826087 0.17288467374810318 0.3218836662749706 0.3273474962063733 0.08271210340775559 0.2385174506828528 0.08295064629847237 0.22523975720789075 0.7272549941245593 0.09749620637329287 0.9822643948296123 0.1625432473444613
1 0.33545593419506464 0.41697723823975724 0.3422984723854289 0.981318664643399 0.32993066980023505 0.9860773899848255 0.3178249118683901 0.978599393019727 0.31045710928319625 0.4152776934749621 0.3230881316098707 0.41867678300455236
1 0.08717038777908344 0.3259969650986343 0.10032784958871915 0.8483474962063734 0.1119059929494712 0.8537860394537177 0.12190599294947121 0.8527663125948406 0.12059106933019977 0.7810652503793626 0.11012573443008225 0.7723262518968134 0.10901175088131611 0.7484324734446131 0.11901175088131609 0.7440136570561456 0.11006462984723855 0.3581987860394537 0.09795887191539365 0.3541198786039454 0.09795887191539365 0.32964491654021244
1 0.7340141010575792 0.6506509863429438 0.7341844888366628 0.5840212443095599 0.7272009400705053 0.580154779969651 0.7274124559341951 0.558298937784522 0.7355135135135136 0.5551987860394537 0.7379259694477086 0.3170834597875569 0.716599294947121 0.3207875569044006 0.7145099882491187 0.5529772382397572 0.7222115158636897 0.5584066767830046 0.7220869565217392 0.5795113808801214 0.7145099882491187 0.5828209408194234 0.7142103407755582 0.6494871016691958 0.7250117508813161 0.6529757207890743
1 0.956180963572268 0.26069347496206374 0.9454853113983548 0.7269529590288316 0.9449988249118684 0.7464582701062216 0.9581492361927144 0.7517966616084978 0.9674829612220917 0.7491122913505311 0.9791915393654524 0.2561107738998482
0 0.9736192714453583 0.24360546282245826 0.6790305522914218 0.3151987860394537 0.6794477085781434 0.24487253414264037 0.7862479435957697 0.22043247344461303 0.7920893066980024 0.2201638846737481 0.79813866039953 0.22366616084977237 0.8062737955346652 0.2306722306525038 0.8189976498237368 0.22770864946889227 0.832556991774383 0.2239362670713202 0.8442385428907168 0.2215113808801214 0.853207990599295 0.21369650986342942 0.8565452408930669 0.20723065250379363 0.859048178613396 0.20318816388467376 0.9744535840188014 0.17759028831562973
0 0.6721985898942421 0.24687708649468892 0.6721985898942421 0.3166737481031866 0.333283196239718 0.39993323216995447 0.33286603995299646 0.3247572078907435 0.4532256169212691 0.2972731411229135 0.45906698002350177 0.29781183611532625 0.4663678025851939 0.298350531107739 0.4711645123384254 0.3018543247344461 0.475545240893067 0.30589529590288317 0.4807602820211516 0.30589529590288317 0.5206016451233842 0.29619575113808805 0.5276944770857814 0.2932321699544765 0.5339518213866039 0.2873034901365706 0.5387497062279671 0.28056752655538697 0.5426615746180964 0.27679514415781487 0.5489189189189189 0.27490895295902884
3 0.32128319623971796 0.3274597875569044 0.331876615746181 0.3254506828528073 0.332358401880141 0.4044916540212443 0.3228319623971798 0.4054264036418816 0.3230728554641598 0.41851138088012135 0.3104112808460635 0.4143050075872534 0.3104994124559342 0.43949620637329284 0.09856404230317274 0.3526813353566009 0.09889776733254994 0.3286145675265554 0.08442420681551116 0.3243292867981791 0.08375910693301997 0.23923520485584218
3 0.9737485311398355 0.178040971168437 0.9811034077555817 0.17575872534142642 0.9801233842538191 0.254298937784522 0.3233842538190364 0.4183110773899848 0.3230575793184489 0.40606525037936264 0.9730951821386604 0.2447587253414264
3 0.94651821386604 0.668711684370258 0.9471574618096357 0.6405113808801214 0.734924794359577 0.5570257966616085 0.7274594594594594 0.5589544764795145 0.7274594594594594 0.5801699544764795
3 0.7145546415981199 0.5550910470409712 0.7220470035252644 0.5575189681335356 0.721647473560517 0.5794506828528073 0.33718213866039953 0.6995629742033384 0.3373043478260869 0.669236722306525
3 0.31393537015276146 0.6772701062215478 0.31393537015276146 0.7053930197268589 0.14216216216216215 0.7582807283763278 0.3159330199764982 0.8531942336874051 0.31673207990599295 0.8892655538694991 0.10920564042303173 0.7724506828528073 0.10920564042303173 0.7471866464339909 0.1201915393654524 0.7446069802731412 0.11979200940070504 0.7355796661608498