8 0.501285046875 0.082909090625 0.36661215 0.082909090625 0.36661215 0.11818181875 0.501285046875 0.11818181875 0.501285046875 0.082909090625
3 0.5178387843750001 0.2028977265625 0.34832943906249997 0.2028977265625 0.34832943906249997 0.24810227343750002 0.5178387843750001 0.24810227343750002 0.5178387843750001 0.2028977265625
1 0.3666004671875 0.7462727265625 0.19540887812500002 0.7462727265625 0.19540887812500002 0.7965 0.3666004671875 0.7965 0.3666004671875 0.7462727265625
15 0.8729906546875 0.8433977265625 0.705186915625 0.8433977265625 0.705186915625 0.8840568187500001 0.8729906546875 0.8840568187500001 0.8729906546875 0.8433977265625
14 0.7370443921875001 0.58341818125 0.754035046875 0.6181068187500001 0.9069672890625 0.5520340906250001 0.8916728968750001 0.51569318125 0.7370443921875001 0.58341818125
16 0.70645794375 0.4958704546875 0.546728971875 0.5685522734374999 0.55862383125 0.6015886359375 0.7200514015625 0.5239522734375 0.70645794375 0.4958704546875
4 0.2544602796875 0.27121818124999997 0.2527616828125 0.3257295453125 0.2833014015625 0.41793181874999996 0.2969415890625 0.43970681875000006 0.5008504671875 0.50578181875 0.540728971875 0.491125 0.5892102796875001 0.48595909062500003 0.5739158875 0.3769363640625 0.556925234375 0.2728704546875 0.5382336453125001 0.05978181875000001 0.5229392515625 0.04821818125 0.4651658875 0.0449136359375 0.40399299062500005 0.0449136359375 0.21665186875 0.0706613640625 0.2527616828125 0.1473295453125 0.260894859375 0.20301136406250003 0.2544602796875 0.27121818124999997
2 0.8661845796875 0.5173454546875 0.8882757015625 0.4297954546875 0.9120654203124999 0.4132772734375 0.9154626171875 0.3901522734375 0.90356775625 0.3686772734375 0.8831775703125 0.36041818124999997 0.613 0.33894318125 0.575616821875 0.36405 0.5977056078125 0.48761136406250005 0.827102803125 0.5206477265625 0.8661845796875 0.5173454546875
2 0.5031144859375 0.8663431812500001 0.4945794390625 0.8019704546875 0.4796401875 0.7812068187500001 0.47643925156250005 0.69299318125 0.48725467343749995 0.677575 0.531436915625 0.64949318125 0.517841121875 0.5404704546875 0.5042476640625 0.514040909375 0.4787593453125 0.5008250000000001 0.2918434578125 0.43970681875000006 0.295242990625 0.43636363593749994 0.24426401874999998 0.4512704546875 0.22888317812499998 0.45830681875 0.28650233593749996 0.67115 0.5031144859375 0.8663431812500001
17 0.52973598125 0.80641818125 0.5773154203125 0.80641818125 0.9103644859375001 0.6115 0.91886215 0.530559090625 0.8593878500000001 0.5123886359375 0.8322009343750001 0.5189954546875 0.8203060750000001 0.5189954546875 0.5977056078125 0.48595909062500003 0.5348341125 0.49421818125000005 0.5042476640625 0.5123886359375 0.5110443921875001 0.514040909375 0.5195420562499999 0.5520340906250001 0.5348341125 0.6478409093749999 0.4787593453125 0.6874863640625 0.4787593453125 0.7799886359375 0.4940537390625 0.7998113640625 0.52973598125 0.80641818125
12 0.8237032703124999 0.7915522734375 0.83475 0.73595 0.8050116828125 0.753559090625 0.8067126171875 0.7849454546875 0.8237032703124999 0.7915522734375
12 0.5535257015624999 0.9649977265624999 0.567119159375 0.890909090625 0.5280373828125 0.8774477265625 0.5348341125 0.9649977265624999 0.5535257015624999 0.9649977265624999
12 0.551827103125 0.9682999999999999 0.5722172890625 0.89561818125 0.798214953125 0.7601659093750001 0.8016144859375001 0.7932045453125001 0.827102803125 0.7865954546875 0.8389976640624999 0.7337363640625 0.8559906546875 0.713915909375 0.8899742984375001 0.6181068187500001 0.5824135515625 0.79650681875 0.5450303734374999 0.8014636359375 0.5229392515625 0.7998113640625 0.49065420625 0.7882477265625 0.502549065625 0.8708409093749999 0.5229392515625 0.8857068187499999 0.531436915625 0.9682999999999999 0.551827103125 0.9682999999999999
18 0.6380023359375 0.18189090937500002 0.650806075 0.12167272656250001 0.6497406546875 0.08118181875 0.6465397203125 0.0562613640625 0.6251004671875 0.024420454687500003 0.5829345796875 0.0170363640625 0.54623598125 0.0251136359375 0.50956775625 0.0416522734375 0.53343224375 0.060415909375 0.5419672890625 0.1725477265625 0.55263785 0.2794886359375 0.570285046875 0.36577045468749997 0.6242570093750001 0.3395136359375 0.6059906546875 0.25249318125000003 0.6155934578125 0.23588181874999997 0.6380023359375 0.18189090937500002
18 0.25404672968750003 0.27058636406250003 0.25994859843749996 0.20740454531250002 0.2548901875 0.155709090625 0.232119159375 0.09170681875 0.21946962656250002 0.0695522734375 0.19501401875 0.05478181875 0.1680280375 0.05478181875 0.130922896875 0.060524999999999995 0.11405607499999999 0.0736545453125 0.1064672890625 0.09745000000000001 0.10478037343749999 0.11468181875000001 0.115742990625 0.12535000000000002 0.2262172890625 0.4593136359375 0.293049065625 0.430865909375 0.270911215625 0.36823181875 0.25657710312500004 0.320640909375 0.25404672968750003 0.27058636406250003