2 0.048 0.3739376765625 0.44266666718750003 0.4305949015625 0.4773333328125 0.42492917812500003 0.4773333328125 0.3824362609375 0.47161866718749995 0.3776572234375 0.0723813328125 0.31941643124999997 0.0453333328125 0.3286118984375 0.048 0.3739376765625
2 0.8933333328125 0.36260623281250004 0.8880000000000001 0.3201133140625 0.5093333328125 0.2747875359375 0.5146666671875 0.3286118984375 0.8266666671875 0.3682719546875 0.8933333328125 0.36260623281250004
12 0.473144 0.8015099156250001 0.47466666718750006 0.43104249218749996 0.44418933281250006 0.43589518437499997 0.40304799999999996 0.4294249296875 0.4045706671875 0.8872521250000001 0.1165706671875 0.8273937671875 0.1196186671875 0.38412747812500003 0.047618667187500005 0.374747875 0.048 0.8856345609374999 0.0845706671875 0.89533994375 0.105904 0.8856345609374999 0.40304799999999996 0.9503427765625 0.40609599999999996 0.9649036828125 0.43657066718750004 0.974609065625 0.47466666718750006 0.9632861187499999 0.473144 0.8015099156250001
12 0.5203813328125 0.8015099156250001 0.8251440000000001 0.8613682718750001 0.8205706671874999 0.87269121875 0.8556186671875 0.8791614734375001 0.8876186671875 0.8710736546875 0.8906666671875 0.37118696875 0.8556186671875 0.376039659375 0.8190480000000001 0.3727223796875 0.8205706671874999 0.5685524078124999 0.8190480000000001 0.8047450421875 0.5325706671875 0.7513597734374999 0.534096 0.562082153125 0.47466666718750006 0.5556118984375 0.467048 0.8047450421875 0.499048 0.8144532578125 0.5203813328125 0.8015099156250001
17 0.9043813328124999 0.4456034 0.6102853328125 0.450456090625 0.5401893328125 0.4181019828125 0.17333333281250002 0.49413314374999995 0.1257146671875 0.5054589234375 0.1196186671875 0.5636997171875 0.5219039999999999 0.5539915015625 0.588952 0.524872521875 0.7931440000000001 0.4925184140625 0.9104773328125001 0.4941359765625 0.9226666671875 0.4666345609375 0.9043813328124999 0.4456034
4 0.5417146671874999 0.419719546875 0.537144 0.413192634375 0.502096 0.3372124640625 0.5097146671874999 0.2870623234375 0.4655226671875 0.062192634375 0.0784773328125 0.1010198296875 0.06933333281250001 0.1155807359375 0.10133333281250001 0.3323597734375 0.1318106671875 0.5070764875 0.5417146671874999 0.419719546875
3 0.3740933328125 0.18858356874999999 0.1885733328125 0.18858356874999999 0.1885733328125 0.23691218125 0.3740933328125 0.23691218125 0.3740933328125 0.18858356874999999
1 0.3161733328125 0.6236260625 0.14094666718749999 0.6236260625 0.14094666718749999 0.665609065625 0.3161733328125 0.665609065625 0.3161733328125 0.6236260625
8 0.6819066671875 0.09954674218750001 0.5600133328125 0.09954674218750001 0.5600133328125 0.14470255 0.6819066671875 0.14470255 0.6819066671875 0.09954674218750001
15 0.9607466671875 0.5609065156249999 0.9257066671875 0.5609065156249999 0.9257066671875 0.7497450421875 0.9607466671875 0.7497450421875 0.9607466671875 0.5609065156249999
14 0.6681893328124999 0.21588102031249998 0.6590480000000001 0.25308781874999997 0.8297146671875 0.30485835625 0.8373333328125 0.2692662890625 0.6681893328124999 0.21588102031249998
16 0.7565706671875 0.8646034 0.582856 0.9089433421875001 0.5904773328124999 0.9503427765625 0.7687626671875 0.9018101984375001 0.7565706671875 0.8646034