3 0.6787669375000001 0.17962041875 0.5044850953125 0.17962041875 0.5044850953125 0.2136256546875 0.6787669375000001 0.2136256546875 0.6787669375000001 0.17962041875
8 0.43693766875 0.09303664843750001 0.29184281875 0.09303664843750001 0.29184281875 0.1331413609375 0.43693766875 0.1331413609375 0.43693766875 0.09303664843750001
14 0.7688211375 0.4877225125 0.587872628125 0.4877225125 0.587872628125 0.5275654453125 0.7688211375 0.5275654453125 0.7688211375 0.4877225125
1 0.3001761515625 0.6991623031249999 0.120907859375 0.6991623031249999 0.120907859375 0.7368586390625 0.3001761515625 0.7368586390625 0.3001761515625 0.6991623031249999
15 0.7692411921875 0.8447382203125 0.5886991874999999 0.8447382203125 0.5886991874999999 0.8844240843750001 0.7692411921875 0.8844240843750001 0.7692411921875 0.8447382203125
15 0.7387940375000001 0.6418769640625 0.569105690625 0.6810314140625 0.5820298109375 0.717541884375 0.7521355015625 0.6756858640625001 0.7387940375000001 0.6418769640625
4 0.20179403749999997 0.58713874375 0.221804878125 0.619337696875 0.25015718124999997 0.601628271875 0.588701896875 0.5404502625000001 0.5786937671875 0.4680026171875 0.56034959375 0.4084345546875 0.5420054203125 0.36496596875 0.4903062328125 0.281248690625 0.46695935000000005 0.21363089062500001 0.455284553125 0.08161518281249999 0.455284553125 0.0558560203125 0.435271003125 0.030096859375 0.41192411875 0.02365706875 0.088387534375 0.0478062828125 0.0708780484375 0.0447041890625 0.0750460703125 0.19914136093749998 0.088387534375 0.2570994765625 0.10673441718750001 0.31505759218749996 0.148425475 0.384285340625 0.1817804875 0.45834293125 0.19345528437499998 0.4937617796875 0.20179403749999997 0.58713874375
12 0.5253279125 0.743301046875 0.8038346890625 0.8254083765625 0.8321869921875 0.8254083765625 0.863872628125 0.8173586390625 0.8888888890625 0.7835497375 0.8955609750000001 0.7191518328125001 0.9005636859375 0.5694293187499999 0.8522005421875001 0.5742591625 0.8522005421875001 0.5984083765625 0.475298103125 0.6885628265625 0.4819674796875 0.6483167546875 0.410257453125 0.6483167546875 0.4152601625 0.7384712046875 0.0938075875 0.82601570625 0.0933929546875 0.841507853125 0.363560975 0.9735235609374999 0.40191869843749994 0.978353403125 0.44694580000000006 0.965473821875 0.475298103125 0.9364947640624999 0.48530352343749994 0.7513507859375 0.5253279125 0.743301046875
2 0.5470081296875 0.3891151828125 0.685428184375 0.4197041890625 0.8021680218749999 0.443853403125 0.8321869921875 0.46478272187499997 0.847195121875 0.5130811515625 0.8688753390624999 0.5179109953125 0.9005636859375 0.53562041875 0.8605365859375 0.5790890046875 0.8038346890625 0.600018325 0.7310081296875001 0.6234534234375 0.8021680218749999 0.6048481671875 0.8622059625 0.5790890046875 0.9038970187500001 0.5436701578124999 0.9022303515625 0.5018115187500001 0.87888346875 0.4470732984375 0.85886991875 0.42453403125 0.773818428125 0.40360471249999996 0.5586829265625 0.358526178125 0.51198645 0.2909083765625 0.49364227656250004 0.2909083765625 0.5470081296875 0.3891151828125
2 0.06504065 0.33115706875 0.10673441718750001 0.430973821875 0.16176693749999999 0.451903140625 0.375235771875 0.5227408375 0.40358536562499997 0.5597696328125 0.4085880765625 0.64075654375 0.4803008125 0.64670680625 0.4969783203125 0.65475654375 0.526997290625 0.6611937171875 0.52937965 0.6605040421874999 0.49530894375 0.6515366484375 0.4819674796875 0.6434869109375 0.4769647703125 0.588748690625 0.471962059375 0.5324005234375 0.45194850937500003 0.503421465625 0.4152601625 0.4808821984375 0.2484878046875 0.43580366562500006 0.170105690625 0.4132643984375 0.1500948515625 0.39877486875 0.12007588124999999 0.3295471203125 0.06504065 0.33115706875
17 0.8922249328125 0.5307905765625 0.863872628125 0.516301046875 0.8071707312499999 0.5146911000000001 0.7521355015625 0.5211308906250001 0.6504065046874999 0.5388403140625 0.5870325203125 0.5436701578124999 0.46695935000000005 0.5790890046875 0.35522222187499997 0.5903586390625 0.2484878046875 0.601628271875 0.225140921875 0.6226335078125 0.23681571875000001 0.6370471203125 0.40525203281250005 0.6306073296875 0.5186585359375 0.6354371734375001 0.6037100265625 0.627387434375 0.6804254750000001 0.619337696875 0.8038346890625 0.5919685859375 0.8922249328125 0.5581596859375 0.8922249328125 0.5307905765625