17 0.3705630359375 0.647875190625 0.3987148109375 0.5991552515625 0.39993880000000004 0.5032359203125 0.3681150546875 0.4925783859375 0.3375153 0.5306407921875 0.126988984375 0.5306407921875 0.09761321875 0.481920853125 0.053549571875 0.5215053265625 0.09761321875 0.64483105 0.3705630359375 0.647875190625
0 0.20042839687499997 0.8336225265625 0.2028763765625 0.9984779296875 0.2591799265625 0.9980563171875 0.2604039171875 0.8366681890625 0.46481028125 0.9006149156250001 0.4427784578125 0.792514459375 0.33017135937500003 0.7696773218749999 0.3803549578125 0.73770471875 0.327723378125 0.6676681890625 0.2591799265625 0.7255235921875001 0.2591799265625 0.681371384375 0.20165238749999997 0.6783257234375 0.20165238749999997 0.724001521875 0.1318849453125 0.673757990625 0.096389228125 0.730974125 0.128212975 0.7788127859375 0.0045899625 0.795560121875 0.0009179921875 0.9021369859374999 0.20042839687499997 0.8336225265625
0 0.6728886171874999 0.771199390625 0.5235618109375 0.7894703203125 0.522337821875 0.9021369859374999 0.721848225 0.8366681890625 0.7157282734375 0.9984779296875 0.77570379375 0.9984779296875 0.785495715625 0.8397138515625 0.9837821296874999 0.9082267890625 0.9703182375000001 0.7940380515625 0.8638310890625001 0.7757671234375 0.9029987765625 0.73161339375 0.861383109375 0.6722359203125 0.7842717265625 0.7179117203125001 0.723072215625 0.71638965 0.6643206859374999 0.673757990625 0.6067931453125001 0.73465905625 0.6728886171874999 0.771199390625
6 0.7805997546875 0.9269406390625001 0.714504284375 0.9269406390625001 0.714504284375 0.9950076109375001 0.7805997546875 0.9950076109375001 0.7805997546875 0.9269406390625001
6 0.9837821296874999 0.8203957374999999 0.91646266875 0.8203957374999999 0.91646266875 0.8945205484375001 0.9837821296874999 0.8945205484375001 0.9837821296874999 0.8203957374999999
6 0.057221542187499995 0.8223059359375 0.0045899625 0.8223059359375 0.0045899625 0.8975722984375001 0.057221542187499995 0.8975722984375001 0.057221542187499995 0.8223059359375
6 0.26162790625 1 0.26162790625 0.9326560125000001 0.20042839687499997 0.9326560125000001 0.20042839687499997 1 0.26162790625 1
6 0.463586290625 0.8165905625000001 0.3962668296875 0.8165905625000001 0.3962668296875 0.8945205484375001 0.463586290625 0.8945205484375001 0.463586290625 0.8165905625000001
6 0.5872093015625001 0.8165905625000001 0.51866585 0.8165905625000001 0.51866585 0.8945205484375001 0.5872093015625001 0.8945205484375001 0.5872093015625001 0.8165905625000001
6 0.6802325578125 0.7005251140625 0.62576499375 0.7005251140625 0.62576499375 0.763584475 0.6802325578125 0.763584475 0.6802325578125 0.7005251140625
6 0.889534884375 0.7005251140625 0.8277233781250001 0.7005251140625 0.8277233781250001 0.7727168953125 0.889534884375 0.7727168953125 0.889534884375 0.7005251140625
6 0.3656731953125 0.7024353125 0.306003671875 0.7024353125 0.306003671875 0.7651141546875 0.3656731953125 0.7651141546875 0.3656731953125 0.7024353125
6 0.15758873906249998 0.6965981734375 0.096389228125 0.6965981734375 0.096389228125 0.7614231359375 0.15758873906249998 0.7614231359375 0.15758873906249998 0.6965981734375
7 0.11719706249999999 0.6676681890625 0.1294369640625 0.6174246578125 0.09149326875 0.6174246578125 0.06456548281249999 0.64483105 0.0682374546875 0.6722359203125 0.11719706249999999 0.6676681890625
11 0.16139221875 0.013647235937499998 0.11230110156249999 0.11194672812499999 0.15146878749999998 0.22461339374999997 0.316707465625 0.22461339374999997 0.3509791921875 0.1180365296875 0.30936352500000003 0.0129832578125 0.16139221875 0.013647235937499998
4 0.12576499375 0.10433485468749999 0.06946144374999999 0.191118721875 0.081701346875 0.4849649921875 0.11474908125000001 0.551955859375 0.3766829859375 0.5534794515625 0.39993880000000004 0.195686453125 0.34608323125 0.10128919375 0.12576499375 0.10433485468749999
2 0.042533659375 0.63417199375 0.0865973078125 0.6326499234375 0.0829253359375 0.428631659375 0.098837209375 0.410362253125 0.098837209375 0.35859512968749996 0.022949815625 0.35996955937499997 0.0192778453125 0.41340639218749997 0.0400856796875 0.4514703203125 0.042533659375 0.63417199375
2 0.41829865312500003 0.6433074578125 0.4244186046875 0.4484246578125 0.446450428125 0.41188432343750003 0.42931456562500003 0.35859512968749996 0.35709914375 0.3616407921875 0.375458996875 0.4347214609375 0.375458996875 0.64026331875 0.41829865312500003 0.6433074578125
2 0.647184821875 0.6615783859375 0.7096083234375 0.66614611875 0.7255201953125 0.433199390625 0.7561199515625 0.4240639265625 0.755813953125 0.363774734375 0.603121175 0.3616407921875 0.5994492046875 0.428631659375 0.6459608328125 0.43167732187499996 0.647184821875 0.6615783859375
11 0.8283353734375 0.022118721875 0.8170134640625 0.15449010624999998 0.8809669515625 0.15610045625 0.8981028156249999 0.11956012187500001 0.8748470015625 0.0129832578125 0.8283353734375 0.022118721875
4 0.8687270500000001 0.56261339375 0.9072827421874999 0.13356164375 0.8234394125 0.1286940640625 0.7181762546875 0.489532725 0.787943696875 0.586974125 0.8687270500000001 0.56261339375
17 0.714504284375 0.51084779375 0.65697674375 0.4849649921875 0.5174418609375 0.5397762562499999 0.5162178703125 0.64026331875 0.8650550796875001 0.676803653125 0.87729498125 0.551955859375 0.759791921875 0.5458660578125001 0.714504284375 0.51084779375