2 0.194140196875 0.6601175546875 0.30695509374999996 0.42180250781249995 0.2839539984375 0.3622225703125 0.16566265 0.3528166140625 0.13828039375 0.3922413796875 0.2642387734375 0.4029874609375 0.1634720703125 0.6193526640625 0.194140196875 0.6601175546875
2 0.8370755750000001 0.6460062703125 0.8951259578125 0.6460062703125 0.9433187296875 0.553503134375 0.9444140203125 0.359087775 0.8995071187500001 0.3628526640625 0.9148411828125 0.5252805640625 0.8765060234375 0.5879952984375 0.8370755750000001 0.6460062703125
2 0.623220153125 0.6405188093749999 0.6812705359375 0.64678996875 0.6089813796875 0.533902821875 0.62431544375 0.35986990625000004 0.5717415109374999 0.35986990625000004 0.57940854375 0.4319921625 0.5739320921875 0.563692790625 0.623220153125 0.6405188093749999
0 0.605695509375 0.9744733546875001 0.6067908 0.9054874609375 0.6297918953125 0.8976473359374999 0.62431544375 0.9776097171875 0.6725082140625 0.97290595625 0.6736035046875 0.9039200624999999 0.73603505 0.8756974921875 0.7382256296875 0.9760407531249999 0.782037240625 0.9744733546875001 0.782037240625 0.867858934375 0.8466593640625 0.9023510968749999 0.8477546546875001 0.9744733546875001 0.89813800625 0.971336990625 0.891566265625 0.8976473359374999 0.916757940625 0.9086238249999999 0.916757940625 0.9697695921875 0.9638554218750001 0.9697695921875 0.9594742609375 0.9023510968749999 0.9539978093749999 0.861587775 0.761226725 0.7722194359375 0.5651697703125 0.8537476484375001 0.5596933187500001 0.8913761750000001 0.5520262875 0.97290595625 0.605695509375 0.9744733546875001
0 0.0887185109375 0.971336990625 0.0898138 0.9023510968749999 0.16648411875 0.8866724140625 0.16976998906250002 0.96820219375 0.21358159843750002 0.9744733546875001 0.22015334062499997 0.889808778125 0.222343921875 0.9587946703125001 0.26615553125 0.9697695921875 0.2694414015625 0.8694263328125 0.3789704265625 0.9039200624999999 0.384446878125 0.9697695921875 0.43373493906249994 0.96036206875 0.4249726171875 0.8960799375 0.4184008765625 0.86628996875 0.2409638546875 0.778213165625 0.03723986875 0.8584514109375 0.036144578125 0.9697695921875 0.0887185109375 0.971336990625
4 0.826944140625 0.598184953125 0.9211391015625001 0.530768025 0.9014238765625 0.0604075234375 0.6133625406250001 0.0604075234375 0.5991237671875 0.5197931031249999 0.6933187296875001 0.6013213171875 0.826944140625 0.598184953125
4 0.0876232203125 0.1372335421875 0.06243154375 0.2705015671875 0.08543263906250001 0.4053385578125 0.08105147812499999 0.5542852671875 0.16100766718749998 0.635815046875 0.190580503125 0.5527178687500001 0.14676889375 0.511952978125 0.175246440625 0.395931034375 0.10624315468750001 0.0557037625 0.0503833515625 0.0776536046875 0.0876232203125 0.1372335421875
17 0.213855421875 0.5546786828125 0.25 0.5656536046875 0.27738225625 0.5734937296875 0.350766703125 0.5578150468749999 0.385815990625 0.6064184953125 0.4099123765625 0.609554859375 0.40662650625 0.52959404375 0.352957284375 0.4872601875 0.20399780937499998 0.510778996875 0.1185651703125 0.5311614421875 0.1634720703125 0.5672225703125 0.213855421875 0.5546786828125
5 0.3190032859375 0.6048510968749999 0.27409638593749996 0.5891724140625 0.233570646875 0.6017147328125 0.2007119390625 0.66756583125 0.2269989046875 0.698923196875 0.2204271625 0.7820203765625 0.2554764515625 0.7945626953125 0.260952903125 0.6879482765625 0.3463855421875 0.673836990625 0.3639101859375 0.648750784375 0.3387185109375 0.535865203125 0.3102409640625 0.5421363640625 0.3190032859375 0.6048510968749999
5 0.8392661562500001 0.6707006265625 0.8524096390624999 0.60171786875 0.8118839 0.6283683390625 0.7144030671875 0.6315047015624999 0.66511500625 0.5985815046875 0.6790799562500001 0.6626175546875 0.7154983578125 0.7004905953125 0.793263965625 0.70205799375 0.8392661562500001 0.6707006265625
17 0.6202081046875 0.5342962375 0.6881161 0.6064184953125 0.8337897046875 0.609554859375 0.8995071187500001 0.5374326015625 0.900602409375 0.5672225703125 0.9192223437499999 0.56408620625 0.9159364734375 0.4982366765625 0.5983023000000001 0.498040753125 0.5961117203125 0.56408620625 0.6169222343749999 0.56408620625 0.6202081046875 0.5342962375
17 0.43291347187499996 0.9011833859375 0.3786966046875 0.9011833859375 0.3786966046875 0.9748667718749999 0.43291347187499996 0.9748667718749999 0.43291347187499996 0.9011833859375
17 0.092278203125 0.9011833859375 0.0380613359375 0.9011833859375 0.0380613359375 0.9748667718749999 0.092278203125 0.9748667718749999 0.092278203125 0.9011833859375
17 0.22152245312500002 0.902750784375 0.1673055859375 0.902750784375 0.1673055859375 0.97643416875 0.22152245312500002 0.97643416875 0.22152245312500002 0.902750784375
17 0.6771631984375001 0.902750784375 0.62294633125 0.902750784375 0.62294633125 0.97643416875 0.6771631984375001 0.97643416875 0.6771631984375001 0.902750784375
17 0.6081599125 0.9011833859375 0.5539430453125 0.9011833859375 0.5539430453125 0.9748667718749999 0.6081599125 0.9748667718749999 0.6081599125 0.9011833859375
17 0.7877875140625 0.9058855796874999 0.733570646875 0.9058855796874999 0.733570646875 0.979568965625 0.7877875140625 0.979568965625 0.7877875140625 0.9058855796874999
17 0.8951259578125 0.9043181812500001 0.8409090906250001 0.9043181812500001 0.8409090906250001 0.9780015671875001 0.8951259578125 0.9780015671875001 0.8951259578125 0.9043181812500001
17 0.965224534375 0.9043181812500001 0.9110076671874999 0.9043181812500001 0.9110076671874999 0.9780015671875001 0.965224534375 0.9780015671875001 0.965224534375 0.9043181812500001