0 0.1786767125 0.81274254375 0.2353369859375 0.8039623234375 0.2443479453125 0.8230941921875001 0.29291506875 0.827102040625 0.3070821921875 0.8153956046875 0.3029835609375 0.8066153843749999 0.4745397265625 0.7930910515625 0.4703753421875 0.8354144421875 0.4804438359375 0.8661428578124999 0.536095890625 0.8596985874999999 0.5431671234375 0.8398021984374999 0.527534246875 0.8058178968749999 0.540687671875 0.7958665625 0.6135397265625 0.796430140625 0.651989040625 0.8010690734375 0.7137095890625 0.8045196234375 0.761265753125 0.8062590265624999 0.8429808218750001 0.8151946625000001 0.8447232874999999 0.8586719 0.8791260281250001 0.8551601249999999 0.9115041093749999 0.8352590265625001 0.8788136984375001 0.82179591875 0.8716520546875 0.7995525906250001 0.8287479453125 0.78960125625 0.5430904109375 0.7535761375 0.45828219218750005 0.7535321828125 0.2879835609375 0.7610643640625 0.2777671234375 0.776717425 0.1480301375 0.7929230765625 0.0959013703125 0.8300298265625001 0.1210301375 0.8609529046875 0.165550684375 0.852172684375 0.17566849375 0.8384913656249999 0.1786767125 0.81274254375
6 0.15446849375 0.854357928125 0.1878301375 0.835040815625 0.11955068437500001 0.810618525 0.0837095890625 0.8277095765625001 0.11298356093749999 0.8514693875000001 0.15446849375 0.854357928125
6 0.9012301375 0.8492229203124999 0.91640821875 0.838102040625 0.8642602734375 0.810618525 0.8384958906250001 0.8347849296875 0.8688520546875 0.8521616953125 0.9012301375 0.8492229203124999
6 0.31003835625 0.8169513343749999 0.3048438359375 0.80290266875 0.2291397265625 0.7992009421875 0.243257534375 0.8321868125 0.288789040625 0.8257315546875 0.31003835625 0.8169513343749999
6 0.6973835609375 0.8077629515625 0.73820821875 0.8317582421875 0.7716000000000001 0.8171240187500001 0.7184767125 0.7983924640625 0.6973835609375 0.8077629515625
7 0.242449315625 0.6207017265625 0.26470958906250003 0.6224411296875 0.29849862968749996 0.60743328125 0.44116712343750003 0.6097189953125 0.43586575312500003 0.5965463109375 0.2704219171875 0.5953924640625 0.242449315625 0.6207017265625
17 0.2805780828125 0.48895918437499997 0.21888493125 0.5006656203125 0.21668767187500002 0.5423155421875 0.3994301375 0.5572715859375 0.6251945203125 0.5579183671875 0.80323835625 0.547632653125 0.7913671234375 0.5059670328125 0.7570739718749999 0.4868351640625 0.5203041093749999 0.50440659375 0.2805780828125 0.48895918437499997
5 0.22166849375000003 0.54945055 0.22173698593750002 0.5658508640625 0.45546849375000004 0.5785949765625 0.6730136984375 0.5749544734375001 0.8065753421874999 0.5620769234375 0.7993260281250001 0.5368791203125001 0.6582356171875 0.55368131875 0.41306027343749996 0.55823076875 0.22166849375000003 0.54945055
2 0.1270712328125 0.380907378125 0.1038 0.3937864984375 0.134465753125 0.40911145937500004 0.1843095890625 0.515199371875 0.2023561640625 0.5172056515625 0.204487671875 0.485897959375 0.1933561640625 0.45227158593750005 0.19866027343749998 0.4115635796875 0.21503287656249997 0.3994222921875 0.20599452031249998 0.3808697015625 0.1270712328125 0.380907378125
2 0.8770712328125001 0.3747142859375 0.8044821921875001 0.38390109843750003 0.8162657531249999 0.3966452125 0.831589040625 0.41537676562500003 0.8225205484375 0.516058084375 0.82660821875 0.5265934062500001 0.8449945203125001 0.5196373624999999 0.9033205484375 0.39964521249999996 0.8770712328125001 0.3747142859375
4 0.585734246875 0.15334536875 0.34491780781250003 0.1580784921875 0.29150410937500004 0.1955416015625 0.24514520625 0.36470800625 0.24792876718749998 0.43267503906250004 0.2764630140625 0.4852292 0.5109945203125 0.4994050234375 0.6611643828125 0.49830141250000004 0.7492520546875 0.48091993750000006 0.7758301375000001 0.386995290625 0.7576767125 0.308145996875 0.6970356171875001 0.169579278125 0.585734246875 0.15334536875
3 0.3910328765625 0.19551805312499998 0.3919397265625 0.25545839843749996 0.615553425 0.2553689171875 0.618287671875 0.1827864984375 0.3910328765625 0.19551805312499998
14 0.4059780828125 0.4053092625 0.40592054843750003 0.46229984375 0.5991780828125 0.4616530609375 0.6031479453124999 0.399605965625 0.4059780828125 0.4053092625
16 0.3910328765625 0.5023547875000001 0.3914410953125 0.5492558875 0.62011506875 0.5480408156250001 0.6098904109375 0.499472528125 0.3910328765625 0.5023547875000001
15 0.66251506875 0.6450690734375 0.665249315625 0.7001255890625 0.9049753421875 0.6912276296875 0.8712630140625001 0.6432292000000001 0.66251506875 0.6450690734375
1 0.2934027390625 0.6636106749999999 0.1125863015625 0.6670784921874999 0.091210959375 0.6665651484375 0.0850136984375 0.725111459375 0.2863671234375 0.726243328125 0.2934027390625 0.6636106749999999
8 0.0896630140625 0.9190816328125001 0.0850904109375 0.9660204078125 0.27531506875 0.9601161703125 0.2803643828125 0.9050941921875 0.0896630140625 0.9190816328125001