0 0.27331950156249996 0.8406621 0.23154564375 0.863147640625 0.2559024890625 0.8996864531250001 0.28042116250000004 0.893442921875 0.3003443984375 0.86960730625 0.517184646875 0.8083028921875 0.5163008296875 0.884751903125 0.530018671875 0.9330304406250001 0.571394190625 0.9245175031249999 0.5805892109374999 0.8978432265625 0.572852696875 0.8677640796875 0.563524896875 0.8138477937499999 0.6554730296875 0.8199832578124999 0.6761597515625 0.842467275 0.72979460625 0.844706240625 0.8039564312499999 0.8660228312499999 0.8037800828125 0.9031232875 0.8589481328125 0.8923409437500001 0.8457738593749999 0.8702070015625001 0.82720746875 0.84410045625 0.6817157671875 0.799264840625 0.711524896875 0.7952815828124999 0.7147572609374999 0.785336378125 0.5833153531249999 0.7614840187499999 0.5123734437499999 0.77212024375 0.388599584375 0.780514459375 0.38241078906250003 0.7928812781250001 0.3646182578125 0.814805175 0.27331950156249996 0.8406621
7 0.36220954375000003 0.69863318125 0.3882593359375 0.6623105015624999 0.39745435625000003 0.637907153125 0.47254356875000003 0.629929984375 0.4576535265625 0.6183089796875 0.373334025 0.62614611875 0.3516721984375 0.6452587515625 0.33233402500000003 0.6789863015625001 0.36220954375000003 0.69863318125
17 0.7085539421875 0.642712328125 0.8671618249999999 0.6149025875 0.87712240625 0.5683652968749999 0.842311203125 0.5513394218750001 0.6163589218750001 0.5212283109375 0.47324481250000006 0.5375190265625001 0.4376597515625 0.5403287671875 0.29996058125 0.5481887359375001 0.2834128625 0.5897701671875 0.3983464734375 0.6105677328125 0.4397219921875 0.6110974125 0.5240062234375 0.6380745812499999 0.7085539421875 0.642712328125
4 0.2690829875 0.53561035 0.4655746890625 0.5356757984375 0.6048195015625 0.514946728125 0.63345850625 0.4148888890625 0.565329875 0.1900365296875 0.226329875 0.1992526640625 0.28879045625 0.40337595156250006 0.2880539421875 0.4623987828125 0.2690829875 0.53561035
11 0.473502075 0.1831293765625 0.567105809375 0.176995434375 0.5810829875 0.11909589062499999 0.5487012453125 0.0718767125 0.2521742734375 0.0731141546875 0.27770331875 0.1060319640625 0.26467842343750003 0.1417853875 0.23764522812500002 0.1840319640625 0.26618049843749997 0.18983105 0.3474066390625 0.18646423125 0.473502075 0.1831293765625
2 0.39037551875 0.5816027390625 0.4004315359375 0.6207625578125 0.4571390046875 0.6230867578125 0.4633278015625 0.6185951296875001 0.4257821578125 0.598920853125 0.4428008296875 0.5398965 0.46678215781250004 0.4673820390625 0.420809128125 0.4437732109375 0.28289004218749997 0.423001521875 0.2591369296875 0.4303789953125 0.25273443906250004 0.4552374421875 0.41412033125000003 0.47150076093750004 0.4026348546875 0.5327945203125 0.39037551875 0.5816027390625
2 0.8403070546875 0.5491887359375001 0.8518008296874999 0.505488584375 0.862477178125 0.4475996953125 0.838392115625 0.42486605781250003 0.7602593359375 0.414050228125 0.63420954375 0.40553272500000004 0.6299502078125 0.43724961875 0.7317178421875 0.435076103125 0.816769709375 0.447442921875 0.7996991703125 0.5345722984375 0.8403070546875 0.5491887359375001
3 0.6148630703125 0.113462709375 0.6158485484375 0.1511050234375 0.7614315359375 0.1494018265625 0.7589709546875001 0.102296803125 0.6148630703125 0.113462709375
1 0.6431535265625 0.2822754953125 0.6431452281250001 0.3319101984375 0.8009875515625 0.331823440625 0.792477178125 0.27279908750000004 0.6431535265625 0.2822754953125
14 0.06412655625 0.6572572296875 0.06470954375 0.7246103500000001 0.2286804984375 0.7188919328125001 0.22375103749999997 0.645193303125 0.06412655625 0.6572572296875
8 0.0563464734375 0.91649010625 0.064060165625 0.9686118718750001 0.20860995781249997 0.9666986296875001 0.2154709546875 0.9071506843750001 0.0563464734375 0.91649010625
15 0.63749585 0.690465753125 0.6422261406249999 0.7418356171875 0.7740145234375 0.7367016750000001 0.7783838171874999 0.6714505328125 0.63749585 0.690465753125
16 0.656356846875 0.47184170468750003 0.6534522828125 0.5163789953125 0.7821784234375 0.518584475 0.798564315625 0.477532725 0.656356846875 0.47184170468750003