4 0.748323471875 0.11344383124999999 0.2418145953125 0.11344383124999999 0.2418145953125 0.390202578125 0.748323471875 0.390202578125 0.748323471875 0.11344383124999999
17 0.8035502953125 0.4530478828125 0.186587771875 0.4530478828125 0.186587771875 0.567062615625 0.8035502953125 0.567062615625 0.8035502953125 0.4530478828125
2 0.16765285937500002 0.5405285453124999 0.2039447734375 0.5331583796875 0.2039447734375 0.48600000000000004 0.2007889546875 0.2973609578125 0.2481262328125 0.29588766093749996 0.2497041421875 0.23399079218750002 0.128205128125 0.23399079218750002 0.131360946875 0.3017826890625 0.1550295859375 0.2973609578125 0.16765285937500002 0.5405285453124999
2 0.7877712031249999 0.5213683234375 0.8224852078125 0.5228434625 0.83510848125 0.29588766093749996 0.8556213015624999 0.2944143640625 0.8571992109375 0.23399079218750002 0.7514792906250001 0.230570903125 0.742011834375 0.2944143640625 0.79250493125 0.2944143640625 0.7877712031249999 0.5213683234375
12 0.825641025 0.9531731125 0.8209072984375 0.8927513812500001 0.7688362921875 0.8942246781250001 0.543195265625 0.8544327812500001 0.546351084375 0.71590239375 0.4469428015625 0.714429096875 0.44536489218749997 0.8514861874999999 0.21656804687500003 0.8956979734375 0.16765285937500002 0.8898710859375001 0.16291913281249998 0.9001197046874999 0.16607495 0.9487532234374999 0.825641025 0.9531731125
7 0.467455621875 0.7160221 0.3475345171875 0.7160221 0.3475345171875 0.760110496875 0.467455621875 0.760110496875 0.467455621875 0.7160221
6 0.21656804687500003 0.9413904234375 0.13293885625 0.9413904234375 0.13293885625 0.9981675875 0.21656804687500003 0.9981675875 0.21656804687500003 0.9413904234375
6 0.3767258375 0.9413904234375 0.2954635109375 0.9413904234375 0.2954635109375 0.9981675875 0.3767258375 0.9981675875 0.3767258375 0.9413904234375
6 0.5108481265625 0.9413904234375 0.43589743593749997 0.9413904234375 0.43589743593749997 0.9981675875 0.5108481265625 0.9981675875 0.5108481265625 0.9413904234375
6 0.6646942796875 0.9443370171875 0.5889546343750001 0.9443370171875 0.5889546343750001 0.9981675875 0.6646942796875 0.9981675875 0.6646942796875 0.9443370171875
6 0.8165680468750001 0.9413904234375 0.735700196875 0.9413904234375 0.735700196875 0.9981675875 0.8165680468750001 0.9981675875 0.8165680468750001 0.9413904234375