0 0.2824745421875 0.8541594984374999 0.35445824843749996 0.8431344093750001 0.42892464375 0.8306379921874999 0.4851873734375 0.829168459375 0.4767698578125 0.8728512546875 0.470006109375 0.9150627234375 0.48409572343749996 0.9345806453125001 0.5130549890625 0.9228207890625001 0.5171690421874999 0.8890071687500001 0.5146313640625 0.829469534375 0.5932321796875 0.8410967734374999 0.6238472500000001 0.8585698921875 0.656114053125 0.843869175 0.7148594703125 0.855510753125 0.6998228109375 0.8737114703125 0.7254643578125 0.904290321875 0.7494582484375 0.8792974906250001 0.7419409375 0.8344605734374999 0.6709368640625 0.8263476703125001 0.6007678203125 0.8145860218750001 0.5397861500000001 0.815243728125 0.629144603125 0.8034838703125 0.6316191453125 0.7880465953125 0.5322118125 0.8026075265625 0.47093075312500005 0.8043727593750001 0.3665112015625 0.7918620078124999 0.35898574375000003 0.8122473125 0.3231995921875 0.8280627234375 0.2546619140625 0.8360286734375 0.24128105937500002 0.8651505374999999 0.25035845156250003 0.8935376343750001 0.2900733203125 0.8913243734374999 0.2824745421875 0.8541594984374999
7 0.42041140468749993 0.7068064515625 0.46674541718749996 0.687695340625 0.517311609375 0.6541218640625 0.4222321796875 0.6667724015625 0.404690428125 0.6725896062500001 0.42041140468749993 0.7068064515625
6 0.2342158859375 0.8476702515625 0.2253217921875 0.890372759375 0.2939959265625 0.9005161296875 0.3030957234375 0.86891039375 0.2342158859375 0.8476702515625
6 0.4770407328125 0.937996415625 0.5101364562499999 0.9321164874999999 0.5183136453125 0.8710663078125 0.46986354375 0.8724999999999999 0.45552749531250003 0.915428315625 0.4770407328125 0.937996415625
6 0.7465478609375 0.8932293906250001 0.753993890625 0.8660322578124999 0.7002932796875 0.8563297484374999 0.6919389 0.8890913984375001 0.7266904281250001 0.9174856625000001 0.7465478609375 0.8932293906250001
17 0.6012993890625 0.5456218640625 0.5586965375 0.510304659375 0.43339511249999996 0.520462365625 0.2912423625 0.523297490625 0.264081465625 0.5265322578125 0.29385947031250004 0.622634409375 0.5056720984374999 0.6444408609375001 0.6976272906250001 0.6479408609374999 0.8010509171875 0.60089785 0.7935336046875 0.567086021875 0.742576375 0.546503584375 0.6012993890625 0.5456218640625
4 0.2443584515625 0.233948028125 0.24114460312500002 0.3692114703125 0.2606924640625 0.5197132609375 0.45201832968750005 0.5173960578125001 0.5689592671875 0.5159677421875 0.5808452140625 0.5015537640625001 0.5602158859374999 0.42583691718749994 0.5362545828124999 0.2736756265625 0.5405661921875 0.242537634375 0.2443584515625 0.233948028125
11 0.5483951125 0.1279749109375 0.325841140625 0.093120071875 0.2555132390625 0.1101523296875 0.23014256562500002 0.222222221875 0.5288085546875 0.23901612968750002 0.5483951125 0.1279749109375
2 0.3942688390625 0.45364336875 0.41140529531250003 0.6164874546875 0.44836659843750004 0.6155215046875 0.44887576406249996 0.5006164875 0.4414297359375 0.4431003578125 0.4017148671875 0.42854659531249994 0.2800875765625 0.4279229390625 0.245584521875 0.44474552031250003 0.3942688390625 0.45364336875
2 0.7326476578125 0.4218548390625 0.6666558046875 0.419620071875 0.5839572296875 0.41812903281249997 0.5824439921875 0.43625447968750003 0.6552545828125 0.4391379921875 0.7206191453125 0.44639068125000003 0.7263869656249999 0.5009946234375 0.7354887984375 0.5519569890625 0.7710672093750001 0.559168459375 0.7543360484375 0.49157168437500004 0.7610509171875 0.4578638 0.7326476578125 0.4218548390625
14 0.124236253125 0.5322580640625 0.11883503124999999 0.6160806453125 0.2669368640625 0.6174605734374999 0.24922810625 0.5154982078125 0.124236253125 0.5322580640625
8 0.089613034375 0.8333333328125001 0.0979979640625 0.8939999999999999 0.21531364531250002 0.9002078859375 0.229553971875 0.8273620078125001 0.089613034375 0.8333333328125001
15 0.6522321796874999 0.7083548390625001 0.6532179218749999 0.778030465625 0.8269389 0.782243728125 0.8168757640625 0.6969784953125 0.6522321796874999 0.7083548390625001
3 0.5661914453125 0.23297491093749997 0.5671853359375 0.2905537640625 0.7268737265625 0.29920609374999996 0.705114053125 0.2183512546875 0.5661914453125 0.23297491093749997
1 0.7637474546874999 0.3996415765625 0.7664358453125 0.47203405 0.9418431765624999 0.472698925 0.924301425 0.395517921875 0.7637474546874999 0.3996415765625
16 0.8024439921875001 0.56630824375 0.7973686359375 0.6387419359375001 0.9653299390625 0.6379516125 0.9569755593749999 0.5644462359375 0.8024439921875001 0.56630824375