0 0.11606475624999998 0.971821428125 0.11512101875 0.8938766234375001 0.21608917187499999 0.8895454546874999 0.21703184687500002 0.9213019484375 0.25477707031249996 0.919858765625 0.2585520171875 0.8909902593749999 0.2717622078125 0.8909902593749999 0.2623259015625 0.9747077921875 0.313281315625 0.971821428125 0.30761995781249996 0.8909902593749999 0.3944331203125 0.89964935 0.37084182656250003 0.971821428125 0.43312101875 0.970378246875 0.42368471406249997 0.8462435062500001 0.2585520171875 0.8231477265624999 0.2538333328125 0.7524204546875 0.2132579625 0.7524204546875 0.209483015625 0.828922078125 0.07454564687500001 0.8534594156249999 0.06794055156249999 0.9747077921875 0.11606475624999998 0.971821428125
0 0.65487155 0.976152596875 0.6520403390625 0.8938766234375001 0.7077144375 0.8881022734374999 0.7114883234375 0.9732646109375 0.7548949046875 0.9732646109375 0.75300743125 0.8924334421875001 0.808681528125 0.89820616875 0.8058503187499999 0.9747077921875 0.9247462843750001 0.9747077921875 0.9087048828125001 0.8462435062500001 0.7577261140625 0.8188181812499999 0.7511210187499999 0.7509772734375 0.7077144375 0.7509772734375 0.7058269640625 0.817375 0.544468153125 0.852016234375 0.543524415625 0.976152596875 0.65487155 0.976152596875
17 0.41613588124999995 0.5965292203125 0.419910828125 0.5113668828125 0.190611465625 0.55322565 0.1594713375 0.543121753125 0.1575838640625 0.6080762984375 0.1755127390625 0.6225113640625 0.3604628453125 0.592199675 0.41613588124999995 0.5965292203125
17 0.8832324843749999 0.5229139609375 0.5765552015625001 0.5229139609375 0.5765552015625001 0.6225081171875 0.8832324843749999 0.6225081171875 0.8832324843749999 0.5229139609375
5 0.853031846875 0.6658133109375 0.8747346078125 0.6066331171875 0.8417080671875 0.599415584375 0.8077377921875 0.6643701296875 0.6501539281250001 0.661483765625 0.624675159375 0.599415584375 0.585043525 0.6008603890625 0.5944798296875 0.6280665578125 0.604859871875 0.658597403125 0.5812696390625 0.7249951296875 0.8775658171874999 0.7235519484374999 0.853031846875 0.6658133109375
5 0.2057091296875 0.6878262984375 0.20476539218749998 0.7441201296875 0.2576082796875 0.7412321421875 0.261382165625 0.680608765625 0.2937016984375 0.619047078125 0.29629617812500003 0.6055503250000001 0.1755127390625 0.6416363640625 0.2057091296875 0.6878262984375
13 0.18778025468749998 0.40346915625 0.1490912953125 0.22881493437499997 0.10851592343750001 0.2474740265625 0.1434299359375 0.4049139609375 0.1396560515625 0.5290487015625 0.18683651875 0.536266234375 0.18778025468749998 0.40346915625
13 0.8539745218749999 0.23891883125 0.6086337578125 0.23845616875000003 0.5925923562500001 0.5290487015625 0.8690732484374999 0.531935065625 0.8539745218749999 0.23891883125
11 0.1037983015625 0.0923522734375 0.10851592343750001 0.24757954531249998 0.1481486203125 0.23747565 0.1396560515625 0.0888019484375 0.1037983015625 0.0923522734375
11 0.6124087046875 0.09601948125000001 0.605803609375 0.2418051953125 0.8558619953125 0.23314448125 0.8464256906250001 0.094574675 0.6124087046875 0.09601948125000001
2 0.176456475 0.647409090625 0.29723991562499996 0.617097403125 0.32837898125 0.423678571875 0.305732484375 0.37893181875000004 0.13210615781249999 0.4152240265625 0.13116348125 0.4135730515625 0.12455732500000001 0.588228896875 0.176456475 0.647409090625
2 0.6029723984375 0.380375 0.5671146499999999 0.37604383124999996 0.55862208125 0.6416363640625 0.5812696390625 0.6531834421875 0.6029723984375 0.380375
2 0.9002123140625 0.651740259375 0.89266348125 0.37604383124999996 0.8575138000000001 0.38275649375 0.8558619953125 0.3890357140625 0.8785095546875 0.651740259375 0.9002123140625 0.651740259375
4 0.11417834375 0.5853425328124999 0.1585276015625 0.5593603890625001 0.16135881093749999 0.4323376625 0.118895965625 0.24036201250000003 0.11134713437499999 0.087358765625 0.08115074375 0.087358765625 0.08492569062500001 0.13932142812499998 0.0905870484375 0.23891883125 0.12455732500000001 0.423678571875 0.11417834375 0.5853425328124999
4 0.6029723984375 0.08591558437499999 0.5774946921875 0.5521428578124999 0.8841709124999999 0.5521428578124999 0.8568057328125 0.08591558437499999 0.6029723984375 0.08591558437499999
7 0.21137048906250003 0.7037029218749999 0.20287791875 0.6907126625 0.2189193203125 0.66473051875 0.1972165609375 0.647409090625 0.18589278125 0.6705048703125 0.17362632656250002 0.66761850625 0.1627738859375 0.6948051953125 0.163246284375 0.69504383125 0.198160296875 0.7267987015624999 0.21137048906250003 0.7037029218749999
6 0.1254989390625 0.904050325 0.0613375796875 0.904050325 0.0613375796875 0.9750730515624999 0.1254989390625 0.9750730515624999 0.1254989390625 0.904050325
6 0.3161093421875 0.9058360390625 0.26185244218750003 0.9058360390625 0.26185244218750003 0.979391234375 0.3161093421875 0.979391234375 0.3161093421875 0.9058360390625
6 0.42746284531249995 0.9076542203125 0.3786305734375 0.9076542203125 0.3786305734375 0.9779626625000001 0.42746284531249995 0.9779626625000001 0.42746284531249995 0.9076542203125
6 0.5916560515625 0.904034090625 0.5390445859375 0.904034090625 0.5390445859375 0.977946428125 0.5916560515625 0.977946428125 0.5916560515625 0.904034090625
6 0.655817409375 0.902240259375 0.600382165625 0.902240259375 0.600382165625 0.9779545453124999 0.655817409375 0.9779545453124999 0.655817409375 0.902240259375
6 0.9247452234375 0.9004301953124999 0.8634076437499999 0.9004301953124999 0.8634076437499999 0.9808360390624999 0.9247452234375 0.9808360390624999 0.9247452234375 0.9004301953124999
6 0.8586942671875001 0.902240259375 0.8058492562499999 0.902240259375 0.8058492562499999 0.9736363640624999 0.8586942671875001 0.9736363640624999 0.8586942671875001 0.902240259375