0 0.4204450265625 0.8345497375 0.441094240625 0.8356509593749999 0.4774502625 0.8814781843749999 0.51403403125 0.8840802796875 0.51403403125 0.8748080281249999 0.4796753921875 0.8704450265625001 0.47313089062499997 0.851357765625 0.451869109375 0.829033159375 0.4667356015625 0.84224781875 0.493992146875 0.8400663171874999 0.5204214656249999 0.8395322859375 0.5295235609375 0.814989528125 0.5311753921875 0.8237993015624999 0.536130890625 0.832609075 0.5600811515624999 0.8353630015625001 0.5617329843750001 0.835912740625 0.6137670156249999 0.8397678890625 0.638544503125 0.8425200703125 0.6905785343749999 0.8430767890625 0.7194869109375001 0.846380453125 0.700890053125 0.8568429312499999 0.6935287953125 0.8678551484374999 0.7257408375 0.8635026171875 0.717560209375 0.877267015625 0.743989528125 0.88772949375 0.7588560203125 0.8860924953125 0.764636125 0.8746404890624999 0.7523664921875 0.85609773125 0.7368219890625001 0.847371728125 0.7442565437499999 0.8380994765625 0.7847277484374999 0.841403140625 0.8037225125 0.8441570687500001 0.8227198953125001 0.8502129140625 0.8260235609375 0.8535183249999999 0.831803665625 0.8711378703125 0.8474973828125 0.8915095984375 0.867319371875 0.8942635250000001 0.8962277484375001 0.8882635249999999 0.911094240625 0.8729930187500001 0.866424084375 0.8413612562499999 0.8697277484375 0.8124572421874999 0.5482277484375 0.7999912734375 0.5204136125 0.7743595109375 0.46991361249999997 0.7787958109375 0.4486675390625 0.8035741703125 0.1248481671875 0.8189022687499999 0.1423848765625 0.8480494328124999 0.14827486875 0.8482006984374999 0.1631413609375 0.847109946875 0.1912225125 0.847109946875 0.212696334375 0.8449284468749999 0.2267382203125 0.84657940625 0.22747430937500002 0.846988059375 0.2560863875 0.84654799375 0.29738219843749997 0.8454572421875 0.32298429375 0.844912740625 0.361803665625 0.8443664921874999 0.38575654375 0.8416404890625 0.4204450265625 0.8345497375
0 0.10987958125 0.896560209375 0.128696334375 0.897645725 0.15732722500000001 0.8871832453125 0.159782721875 0.87892495625 0.1523481671875 0.8646090750000001 0.1423848765625 0.8480494328124999 0.126801046875 0.8476492140625 0.1284188484375 0.83002966875 0.11107591562500001 0.8523839437499999 0.08712303593750001 0.85729319375 0.07556020937499999 0.8687452 0.08779319375 0.889469459375 0.10987958125 0.896560209375
0 0.2822879578125 0.8774188484375 0.22747430937500002 0.846988059375 0.22057068124999998 0.8470942406249999 0.2259345546875 0.8536335078124999 0.21766753906249997 0.8694485171874999 0.2201151828125 0.8874467718749999 0.2413848171875 0.8994450265625 0.26674345625 0.8928376968749999 0.2822879578125 0.8774188484375
0 0.5260130890625 0.8694904015624999 0.520232984375 0.8507696328125001 0.4691911 0.8444083765625001 0.45895811562500005 0.8727993015625 0.472863875 0.8959197203124999 0.5260392671874999 0.8937120421875001 0.5260130890625 0.8694904015624999
0 0.1493664921875 0.8600837703125 0.179675115625 0.8480221531250001 0.112767015625 0.8470942406249999 0.0889005234375 0.853680628125 0.074285340625 0.8590296687500001 0.0955549734375 0.8843891796875001 0.1413664921875 0.8925689359375 0.162628271875 0.880455496875 0.1675366484375 0.8672408375 0.1493664921875 0.8600837703125
0 0.293251309375 0.8798952874999999 0.29077486874999997 0.8716352531249999 0.2806047125 0.85547295 0.2566518328125 0.8472198953125 0.240871728125 0.8488708546874999 0.23498879375 0.84878926875 0.23531937187500002 0.848928446875 0.22210471250000002 0.8614729499999999 0.22044502656249998 0.87783420625 0.231078534375 0.8892862125000001 0.2515314140625 0.8925584640625001 0.27361780156250004 0.8887050609375 0.293251309375 0.8798952874999999
17 0.46593455468749995 0.5663874343749999 0.791319371875 0.5643368234375 0.7414712046874999 0.49507504375 0.5345026171875 0.49408900468750006 0.5099607328125 0.4951902265625 0.4698743453125 0.496312390625 0.3509162296875 0.4985514828125 0.31737696406250004 0.4974607328125 0.245387434375 0.496380453125 0.279903140625 0.49805410156249996 0.22279581093749998 0.49859336875000004 0.20909424062499998 0.5646631765625 0.46593455468749995 0.5663874343749999
0 0.1525209421875 0.8552792328125 0.12283507812500001 0.8484363 0.08139790625 0.875305409375 0.1272094234375 0.8965759156249999 0.1574764390625 0.870146596875 0.1525209421875 0.8552792328125
6 0.1652015703125 0.86944328125 0.1188089 0.849778359375 0.082575915625 0.8680436296874999 0.10711780156249999 0.8942216406249999 0.14638481718750002 0.8914677140625 0.1652015703125 0.86944328125
6 0.308251309375 0.87070680625 0.27686649218750004 0.84698429375 0.249698953125 0.8457504359374999 0.223992146875 0.8703769640625 0.2591675390625 0.8921867359375 0.295981675 0.8888778359374999 0.308251309375 0.87070680625
6 0.760672775 0.8809389187500001 0.7704895281249999 0.865521815625 0.720903140625 0.8430663171875 0.6830837703125 0.8659301921875 0.70586125625 0.8870418843750001 0.7344947640624999 0.8919511343750001 0.760672775 0.8809389187500001
6 0.9005837703124999 0.8708743453125001 0.8699162296875 0.8470942406249999 0.8310497375000001 0.8629197203125001 0.8580445031249999 0.8945514828125001 0.8825863875 0.8912478187499999 0.9005837703124999 0.8708743453125001
4 0.7374685859375 0.49642233906250005 0.8012382203125 0.3736561953125 0.830578534375 0.3202408375 0.7463324609375 0.2128743453125 0.2617801046875 0.209424084375 0.16405235625 0.31993542812500003 0.18938219843749998 0.36083944218749997 0.24987958125 0.49826876093749994 0.7374685859375 0.49642233906250005
2 0.20048691093749998 0.5636771375 0.23350785312500003 0.49805410156249996 0.145698953125 0.3379493890625 0.1219764390625 0.3704363 0.20048691093749998 0.5636771375
2 0.7603324609375 0.4983996515625 0.8033821984375 0.553094240625 0.8767801046875 0.3733089 0.8495261781250001 0.339726003125 0.7991596859375 0.3816893546875 0.7603324609375 0.4983996515625
7 0.4107120421875 0.5933682375 0.25067801093750003 0.59877486875 0.253887434375 0.6162268765625 0.4224083765625 0.610642234375 0.4107120421875 0.5933682375
3 0.5925968593750001 0.14264746875 0.43286387499999995 0.1463280984375 0.4306047125 0.19334031406250002 0.5933141359375 0.1884589875 0.5925968593750001 0.14264746875
15 0.6020130890625001 0.6792862125 0.6016518328125 0.724703315625 0.7807356015625 0.724567190625 0.7796518328125 0.678305409375 0.6020130890625001 0.6792862125
14 0.0603298421875 0.5866561953125 0.060541884375 0.6373961609375 0.23724345625 0.6373176265625 0.2330287953125 0.586109946875 0.0603298421875 0.5866561953125
16 0.404672775 0.4175061078125 0.406387434375 0.4827574171875 0.5912696328125 0.4821588125 0.5886178015625 0.42214136093750004 0.404672775 0.4175061078125
8 0.06234293125 0.9249563703125 0.058890053124999994 0.9817958109375 0.24536910937499998 0.977846421875 0.2387303671875 0.9194816749999999 0.06234293125 0.9249563703125