4 0.338404059375 0.032198696875 0.11395756406249999 0.032198696875 0.11395756406249999 0.42630293124999996 0.338404059375 0.42630293124999996 0.338404059375 0.032198696875
17 0.3494557203125 0.4046579796875 0.10353321093750001 0.4046579796875 0.10353321093750001 0.4999022796875 0.3494557203125 0.4999022796875 0.3494557203125 0.4046579796875
0 0.4091605171875 0.7399837140625001 0.046226937499999995 0.7399837140625001 0.046226937499999995 0.8939576546874999 0.4091605171875 0.8939576546874999 0.4091605171875 0.7399837140625001
0 0.9092712171875 0.778322475 0.5470018453125001 0.778322475 0.5470018453125001 0.9261726390625 0.9092712171875 0.9261726390625 0.9092712171875 0.778322475
7 0.7425645750000001 0.5100651468749999 0.70001845 0.5100651468749999 0.70001845 0.605700325 0.7425645750000001 0.605700325 0.7425645750000001 0.5100651468749999
7 0.10006457499999999 0.578104234375 0.20512177187499997 0.4999055375 0.16084132812500002 0.46617263906249995 0.0931199265625 0.5459055375 0.10006457499999999 0.578104234375
17 0.8345940953125 0.43726384375 0.6114575640625 0.43726384375 0.6114575640625 0.5321172640625 0.8345940953125 0.5321172640625 0.8345940953125 0.43726384375
4 0.6279612546875 0.0636156359375 0.5480904062499999 0.0636156359375 0.5480904062499999 0.46309446249999997 0.6279612546875 0.46309446249999997 0.6279612546875 0.0636156359375
2 0.7538523984375 0.4891726390625 0.7555885609375 0.3496384359375 0.7920553499999999 0.346573290625 0.7911881921874999 0.28370684062499996 0.6487952031249999 0.2852410421875 0.6427177125 0.34197394062500003 0.700022140625 0.34197394062500003 0.700022140625 0.49070358281250004 0.7538523984375 0.4891726390625
2 0.11569372656250002 0.23924104218750003 0.06533579375000001 0.24077524375 0.06533579375000001 0.3097719875 0.077490775 0.3097719875 0.077490775 0.4539055375 0.1035387453125 0.4523713359375 0.1052749078125 0.31437459218749997 0.1174298890625 0.312840390625 0.11569372656250002 0.23924104218750003
2 0.38962361562500003 0.2398925078125 0.335359778125 0.23924104218750003 0.335359778125 0.30824104218750004 0.3501199265625 0.30824104218750004 0.3518560890625 0.4493061890625 0.377904059375 0.4493061890625 0.3770350546875 0.3113061890625 0.390059040625 0.3097719875 0.38962361562500003 0.2398925078125
5 0.2554704796875 0.48131921875000006 0.19751844999999998 0.48131921875000006 0.19751844999999998 0.7805048859375 0.2554704796875 0.7805048859375 0.2554704796875 0.48131921875000006