17 0.7349070390625 0.715613909375 0.8297065078125 0.6742805749999999 0.828889775 0.5502829734375 0.7577888453125 0.535520384375 0.5575644093750001 0.534043165625 0.485646746875 0.5532350125 0.48319521875 0.6654244609375 0.5763612218749999 0.7141390890625 0.7349070390625 0.715613909375
17 0.42108499374999997 0.5059976015625 0.3360916328125 0.5222350125 0.30667065 0.477949640625 0.231484728125 0.5222350125 0.2257636125 0.58275779375 0.1530292171875 0.6713285375 0.1661049140625 0.7658057546875 0.45704382499999996 0.6388537171875 0.42108499374999997 0.5059976015625
0 0.185718459375 0.8632326140625001 0.24619521875 0.7953285375 0.2470119515625 0.8484700234375 0.2739814078125 0.8499472421875 0.27970119531250004 0.79385131875 0.33527490000000004 0.8632326140625001 0.41127755625000006 0.8661846515624999 0.415363878125 0.8071390890625001 0.2788844625 0.7407098328124999 0.2380225765625 0.7437745796875 0.1113492703125 0.79975779375 0.1088977421875 0.8647098328125 0.185718459375 0.8632326140625001
0 0.5763612218749999 0.8617577937500001 0.639289509375 0.79089928125 0.645009296875 0.844043165625 0.6687091640625 0.8455179859375 0.674430278125 0.7923764984375 0.735723771875 0.860280575 0.8051899078125 0.8617577937500001 0.8043718453125001 0.7982805749999999 0.680355909375 0.7363956828125 0.632751659375 0.7392326140625001 0.507713146875 0.8041846515625 0.5093466140625 0.8647098328125 0.5763612218749999 0.8617577937500001
11 0.79211819375 0.0852877703125 0.520790171875 0.0852877703125 0.520790171875 0.38075539531249997 0.79211819375 0.38075539531249997 0.79211819375 0.0852877703125
11 0.0612934921875 0.41004556406250003 0.134844621875 0.37166426874999997 0.102155378125 0.0823333328125 0.02615139375 0.097093525 0.0612934921875 0.41004556406250003
2 0.4560225765625 0.49566426874999997 0.4968844625 0.5030455640625 0.50423904375 0.569472421875 0.5536826031250001 0.5593069546875 0.5508220453125 0.43218705 0.45847410312500003 0.4262829734375 0.4560225765625 0.49566426874999997
2 0.8066201859375 0.5724244609375 0.818877821875 0.5000911265625 0.8589229749999999 0.504520384375 0.8591274906249999 0.424645084375 0.767391765625 0.4277601921875 0.756767596875 0.55766426875 0.8066201859375 0.5724244609375
2 0.347328021875 0.411731415625 0.143835325 0.473520384375 0.1503731734375 0.5547098328125 0.348962815625 0.5000911265625 0.347328021875 0.411731415625
4 0.2263771578125 0.4971390890625 0.1618140765625 0.511901678125 0.13688844687499999 0.37668345312499996 0.07028286875 0.4129976015625 0.1528247015625 0.6787098328125001 0.259883134375 0.56061630625 0.2263771578125 0.4971390890625
4 0.55164010625 0.5709496406250001 0.77311288125 0.5724244609375 0.775564409375 0.4927122296875 0.7968127484374999 0.45285371718749995 0.7919096953125 0.3554268578125 0.5181328015625 0.3613309359375 0.5164980078125 0.442520384375 0.5377463484375 0.4868057546875 0.55164010625 0.5709496406250001