0 0.23312698437499998 0.8417858218750001 0.26829932031250003 0.8406500749999999 0.28082086093749997 0.8158944187499999 0.26895238125 0.795647059375 0.46742857187500003 0.7146727 0.45548752812500004 0.72992156875 0.45452154218749996 0.7644162890625 0.472090703125 0.7677209656249999 0.4694897953125 0.794689290625 0.44328798125 0.8119457015625 0.4515986390625 0.8397978890625 0.4624693875 0.8442171953125 0.47251927499999996 0.836343890625 0.4875918375 0.8357707390625 0.5076598640625 0.8468627453125 0.5160340140625 0.8328024125000001 0.5134739234375 0.8164886875 0.5050181406250001 0.8091719453125 0.4956281171875 0.7776727 0.4981405890625 0.772048265625 0.50978458125 0.769236803125 0.504705215625 0.7265098046875 0.49032199531250004 0.713012065625 0.526188209375 0.7107088984375001 0.6777505671874999 0.77526696875 0.7045510203124999 0.7908582203125001 0.6817210890625 0.8159200609375 0.6900952375 0.8428838609374999 0.745367346875 0.8439924578125 0.7618027203125 0.8210512828125 0.7525034015625 0.8131779781249999 0.7398208609375 0.8058672703124999 0.7198253968749999 0.7969064859375 0.7198095234374999 0.7704736046875 0.622661415625 0.7241825875 0.73994104375 0.7599381593750001 0.8513219953125001 0.786108596875 0.8462494328125001 0.7978054296875 0.8386394562499999 0.8156259421875 0.843077096875 0.8435791859374999 0.8740634921874999 0.8446772250000001 0.895836734375 0.83174208125 0.9009501140625 0.8065098046875001 0.8738934234375 0.7991990953125 0.856138321875 0.7817541484375 0.8449297046875 0.7564509796875 0.767149659375 0.7350422328125 0.6868344671875 0.711978884375 0.5924920640625 0.6867933640625 0.5417619046875 0.6716093515625 0.5149070296875 0.6656907999999999 0.4531836734375 0.6600407234375 0.1116303859375 0.7625354453125001 0.10652607656249999 0.7864886875 0.0693242625 0.8121116140625 0.05395238125 0.8437888390625 0.101687075 0.8442971343749999 0.1343469390625 0.8341689296875 0.13515192812500001 0.79873755625 0.1318435375 0.78592609375 0.4015034015625 0.7156259421875 0.4060502421875 0.7150789375 0.406537415625 0.7149245859375 0.407900275 0.7148563703125 0.471850340625 0.7071628953125 0.459655965625 0.7122658671875 0.47436961406249994 0.7115294125 0.3018554234375 0.7783005453125 0.26554648593749997 0.7934947203125 0.262370965625 0.79358289375 0.261367346875 0.7939713421875 0.2089297046875 0.803933634375 0.1996281171875 0.8250950218750001 0.20548979531249997 0.8429215687499999 0.23312698437499998 0.8417858218750001
0 0.459655965625 0.7122658671875 0.407900275 0.7148563703125 0.4060502421875 0.7150789375 0.2449886625 0.766108596875 0.24609977343749997 0.794034690625 0.262370965625 0.79358289375 0.3018554234375 0.7783005453125 0.459655965625 0.7122658671875
7 0.22140136093749999 0.5504962296875 0.2557142859375 0.55433635 0.2992607703125 0.5520814484375001 0.383426303125 0.5347586734374999 0.32370975 0.5415882359374999 0.27720634843749997 0.5454871796874999 0.22309297031250003 0.5465957765625 0.22140136093749999 0.5504962296875
7 0.3862199546875 0.5494298640624999 0.406319728125 0.5409939671874999 0.3937324265625 0.526532428125 0.22468707499999999 0.5451236796875001 0.21454195 0.5517978890624999 0.259764171875 0.5562383109375 0.3862199546875 0.5494298640624999
17 0.7204467125 0.4650814484375 0.67366213125 0.4668009046875 0.2934557828125 0.4664042234375 0.22813378750000002 0.466431371875 0.20614285781250002 0.49499547499999996 0.48358276718750004 0.5075882359375 0.7677210890625 0.4949366515625 0.7204467125 0.4650814484375
5 0.58654195 0.5311975875 0.7473333328125 0.5227450984375 0.7691065765625 0.5002549015625 0.714043084375 0.491808446875 0.5407142859375 0.5035067875 0.3868322 0.4990075421875 0.210596371875 0.49626998437500003 0.208848071875 0.5146515843749999 0.32358049843750003 0.5386048265625 0.3897392296875 0.528476621875 0.58654195 0.5311975875
4 0.7620680265625001 0.33426696875 0.691029478125 0.24514027187499998 0.617462584375 0.22624434375 0.3285396828125 0.2268446453125 0.2808049890625 0.2420286578125 0.19539229062500002 0.3319969828125 0.23087981875 0.46208748125000004 0.48532199531250003 0.47049019531249997 0.7272993203125 0.46294419375 0.7620680265625001 0.33426696875
2 0.17965079374999998 0.455680240625 0.19639909375 0.49523076875000005 0.2298820859375 0.465986425 0.1926462578125 0.361380090625 0.187573696875 0.3287616890625 0.11337868437500001 0.29617496249999997 0.1152380953125 0.31196380156250003 0.141151928125 0.3275610859375 0.1520136046875 0.369895928125 0.17965079374999998 0.455680240625
2 0.8260702953125 0.347260934375 0.8377936515625001 0.32588989375 0.8604058953125 0.30839215625 0.8553174609375 0.29489441875 0.79013151875 0.3160512828125 0.7757573703125 0.3305339359375 0.75370975 0.39235445 0.741873015625 0.440817496875 0.727498865625 0.4580859734375 0.7759183671875001 0.4895475109375 0.795977325 0.44455656093749996 0.8110521546875 0.41868627500000005 0.8210929703125001 0.384380090625 0.8260702953125 0.347260934375
14 0.0989478453125 0.581380090625 0.09805442187499999 0.633349925 0.25633333281250004 0.62876018125 0.24872335625000003 0.578707390625 0.0989478453125 0.581380090625
8 0.09931065781250001 0.90975565625 0.0984421765625 0.9598883859375 0.2684376421875 0.9541734546875 0.268403628125 0.90074660625 0.09931065781250001 0.90975565625
3 0.0680272109375 0.18647963750000002 0.0697573703125 0.25759879375 0.239054421875 0.24871945625 0.2288594109375 0.185730015625 0.0680272109375 0.18647963750000002
1 0.7173786843750001 0.17551131250000002 0.7157505671875 0.23960784375 0.8865918374999999 0.23661387656250002 0.887269840625 0.174642534375 0.7173786843750001 0.17551131250000002
16 0.7874671203125 0.521048265625 0.7874013609375 0.5663454 0.9696780046875 0.5632654593749999 0.9553038546874999 0.5070361984375 0.7874671203125 0.521048265625
15 0.5916303859375 0.619772246875 0.5948752828125 0.66958521875 0.7564807250000001 0.6735263953125 0.747043084375 0.612310709375 0.5916303859375 0.619772246875