0 0.20529115625 0.9013117546875 0.20529115625 0.8649574109374999 0.26454965937499997 0.8513253828125 0.26817823125 0.8801056218750001 0.3092965984375 0.8770766609375 0.308087075 0.9028262343750001 0.3540435375 0.904340715625 0.349206803125 0.8558688249999999 0.3939537421875 0.86041396875 0.403628571875 0.904340715625 0.443537415625 0.9028262343750001 0.4326530609375 0.8210306640624999 0.3114136046875 0.785916525 0.2621319734375 0.787706984375 0.1653823125 0.82557410625 0.1617537421875 0.8997972750000001 0.20529115625 0.9013117546875
0 0.861980953125 0.9013117546875 0.8450489796875 0.8210306640624999 0.7482993203125 0.78402385 0.6781551015625 0.7846763203125 0.5608462578125 0.8361788750000001 0.5620557828125 0.9058569000000001 0.861980953125 0.9013117546875
17 0.8344693875000001 0.6269165250000001 0.5935034015625 0.6269165250000001 0.5935034015625 0.72105621875 0.8344693875000001 0.72105621875 0.8344693875000001 0.6269165250000001
17 0.42176870781250003 0.6477342421875 0.20165986406249997 0.6477342421875 0.20165986406249997 0.71802385 0.42176870781250003 0.71802385 0.42176870781250003 0.6477342421875
4 0.8111836734375 0.348671209375 0.6092244890625 0.348671209375 0.6092244890625 0.6498637140625 0.8111836734375 0.6498637140625 0.8111836734375 0.348671209375
11 0.7737006796875 0.2597103921875 0.6485306125 0.2597103921875 0.6485306125 0.36812606406250004 0.7737006796875 0.36812606406250004 0.7737006796875 0.2597103921875
11 0.20861224531250003 0.257810903125 0.1436054421875 0.257810903125 0.1436054421875 0.36358603125 0.20861224531250003 0.36358603125 0.20861224531250003 0.257810903125
7 0.24640952343750003 0.7604412265625 0.257293878125 0.7710442937499999 0.29962176875 0.743778534375 0.317763265625 0.7149982968749999 0.2693877546875 0.7195434406250001 0.24640952343750003 0.7604412265625
2 0.39637142812500004 0.5650391828125 0.3758122453125 0.5377734234375 0.210127890625 0.5436303234375 0.1774748296875 0.7210579218750001 0.3407401359375 0.7225724015625 0.39637142812500004 0.5650391828125
2 0.6249428578125 0.6316882453125 0.6273619046875 0.5347444640625 0.56326530625 0.5377734234375 0.5705210890625 0.683189096875 0.6068027203125 0.7180272578125 0.6249428578125 0.6316882453125
2 0.8523047625 0.683189096875 0.8607714281250001 0.5347444640625 0.7978829937499999 0.5347444640625 0.79546530625 0.64077683125 0.820861225 0.713483815625 0.8523047625 0.683189096875
4 0.2415727890625 0.5498909703125 0.1919877546875 0.34691652500000003 0.1532884359375 0.3666081765625 0.20771020468749998 0.5574650765625 0.2415727890625 0.5498909703125
5 0.7361972796875 0.7059114140625 0.6854081625 0.7059114140625 0.6854081625 0.8086371375000001 0.7361972796875 0.8086371375000001 0.7361972796875 0.7059114140625
5 0.3083877546875 0.7013628625 0.2548775515625 0.7013628625 0.2548775515625 0.8086201015625001 0.3083877546875 0.8086201015625001 0.3083877546875 0.7013628625